  0 128  71  85 185  68 257 232 193 199  25 130  65 171  44 252 132 344 351 214 152 283 206 119 310  75  36
128   0  91  62  58  81 161 108 151  97 126  48 179  72  84 265 123 233 249 207  50 168 197  79 199  70 116
 71  91   0  29 149  87 252 199 212 143  89 149 136 163  47 271 149 288 295 233  96 263 223 138 254  60  35
 85  62  29   0 120  70 223 170 195 114  89 110 143 134  47 254 132 259 266 216  67 234 206 121 225  43  61
185  58 149 120   0 117 107  50  98  85 165  56 215  14 142 214 123 175 237 160 108 110 166  86 141 121 184
 68  81  87  70 117   0 189 164 126 178  48  62  98 103  42 184  62 292 330 146 137 215 136  51 258  27  86
257 161 252 223 107 189   0  48  99 129 237 128 287  93 231 213 173 135 216 158 176  26 165 159 101 216 277
232 108 199 170  50 164  48   0 148  84 212 106 262  64 192 264 173 125 184 210 131  60 216 136  91 178 234
193 151 212 195  98 126  99 148   0 183 174 101 223  84 167 116  74 234 315  62 201 125  68  78 203 152 211
199  97 143 114  85 178 129  84 183   0 203 130 257  99 161 299 203 145 152 245  47 120 251 171 111 156 176
 25 126  89  89 165  48 237 212 174 203   0 107  54 151  42 229 107 340 355 191 156 241 184 102 314  63  60
130  48 149 110  56  62 128 106 101 130 107   0 160  42  92 192  70 231 293 152  98 145 142  31 196  84 145
 65 179 136 143 215  98 287 262 223 257  54 160   0 201 109 282 160 402 409 244 210 313 234 150 378 125 101
171  72 163 134  14 103  93  64  84  99 151  42 201   0 145 200 112 189 248 146 122 110 152  72 155 130 185
 44  84  47  47 142  42 231 192 167 161  42  92 109 145   0 226 104 306 313 188 114 257 178  93 300  29  40
252 265 271 254 214 184 213 264 116 299 229 192 282 200 226   0 122 348 429  58 295 239  48 161 314 211 270
132 123 149 132 123  62 173 173  74 203 107  70 160 112 104 122   0 303 357  84 173 199  74  39 267  89 148
344 233 288 259 175 292 135 125 234 145 340 231 402 189 306 348 303   0 189 293 192 112 300 262  34 301 321
351 249 295 266 237 330 216 184 315 152 355 293 409 248 313 429 357 189   0 374 199 207 381 320 155 308 328
214 207 233 216 160 146 158 210  62 245 191 152 244 146 188  58  84 293 374   0 257 184  10 123 259 173 232
152  50  96  67 108 137 176 131 201  47 156  98 210 122 114 295 173 192 199 257   0 167 247 129 158 110 129
283 168 263 234 110 215  26  60 125 120 241 145 313 110 257 239 199 112 207 184 167   0 191 175  92 226 283
206 197 223 206 166 136 165 216  68 251 184 142 234 152 178  48  74 300 381  10 247 191   0 113 266 163 222
119  79 138 121  86  51 159 136  78 171 102  31 150  72  93 161  39 262 320 123 129 175 113   0 226  78 137
310 199 254 225 141 258 101  91 203 111 314 196 378 155 300 314 267  34 155 259 158  92 266 226   0 267 287
 75  70  60  43 121  27 216 178 152 156  63  84 125 130  29 211  89 301 308 173 110 226 163  78 267   0  75
 36 116  35  61 184  86 277 234 211 176  60 145 101 185  40 270 148 321 328 232 129 283 222 137 287  75   0